2052736622954841617 171854021649039943 537535555883895071 1322910977578935761 1386795654636230077 907916671451860159 1043739447335595869 1817537746309000589 186301205145006397 
1475999106349338647 2044674768306604727 318395353718510791 151841062838882359 251993221129848977 1346891833273935367 1964085417044829349 1724637122935971229 672096288064868167 
774099819032695873 955174103921171117 1871673226294674031 1982301663957960329 1952200737274053337 1081018707498264131 1942040047495265479 1860969647836193099 1003402701447784817 
664013974588395911 350176525604800849 424921219670828201 2139360341682104521 2057782454635745977 744970017145214533 1657062864901420579 1950766476742709599 701836173913843993 
1136465041769170753 1349182459138924451 1420399440151636369 803141332336111633 1155308243212572811 1964717143054726043 2026255678773250853 1896014177331276799 1201117555991053049 
803621561696918071 602196054449058947 2158684572211345511 1226096591728042781 819232359114952999 1872492692873507953 268864542399196309 1940086377029313439 1522084676924199803 
1501339884019502689 1691246163781610573 1664644938194071333 1198911334925939123 2250197593071470807 471912199953652169 1249810414839319171 102764647271382611 229739148212433053 
118261693964646311 1072974997931942851 1607917262300771987 2031268955592143947 2180471259379810739 813121979978139697 988426629649771381 234326512785635107 2074336703519164099 
580626166018904693 12274423105349659 802206487767594557 1324887420059042201 926506201623004169 1718817393300986059 214826479846407089 1669057160950788571 1170137419461086191 
979043111791486087 31893101799208399 2001454275000917369 1499986093111972901 2039922396113509829 1108156949035464899 1032808583449360129 126568970277552461 1951904407269582371 
166959164195783753 1339919647713527863 1391085899066745727 1691508174014610073 550828038157625533 2067752364817162897 1207738566413395033 2269073713963548659 1235768405403680147 
2292226328956670591 1809965967521494987 2047843241045059837 1221916361612616421 2001365437741005631 1719494324973790907 1069787643067650043 1014923214159457679 878038277853007837 
645596174301875179 95156578135394491 1960453354529043553 1425592869904343489 210159875262987631 550663614455719463 194452739110445969 1417392419290576133 312511580550531487 
1879919539609246183 1999406755991618933 1680991709419661159 2249588081250609461 1360193746071074699 1479339871438098277 572436180210923851 1831035465286382569 491641388824230391 
17975350565196337 791490659863219021 1237681242495100379 714230989362595553 785121702645564107 2274722253285585097 417612762864888673 663731242114331507 387702176270433797 
470931178109948531 293792296939008269 681418772389560151 1854490380727912429 1449632093636555263 1028176863719570119 1861040355701220709 1123473332525797307 835667743249206281 
144607619662058731 1464259604594856149 409015675800632939 485836707600214871 2183358046346242019 2281301660626481947 1435508098151918111 494923796773943 1942141373049492319 
407789086155967669 379133502661135829 286322354678768143 1319614719370841237 1171210320885869279 953257300839551831 355007850133681291 786010960051620361 645504095104841851 
1980817572856854947 1330263494820730753 320608785242975623 677912071407473377 570236754034812451 629477731598454763 931536704121506083 195843773427448879 1056413574538631311 
1777200843554681291 581737844909119499 960904887536799809 448207477153376377 1593030891208833217 299172961981206517 2133517171374610009 592587834194783423 1904980458250811791 
1874243841117913927 591462884799755729 339311796502776997 894492728072214647 757852529568450377 131464828709056559 708961457586028589 1960159185194359489 829909376493164183 
558449983860176971 634787715730543939 355103471673667789 1196851737457922891 2274900438134044109 1542990500748764981 2261824011598413271 2104174148515140257 429727929604130519 
266210744357143379 1820832668793237509 1532502031301771531 238352153300936797 438894639865925611 852800023207452371 752363763865143379 857635691402117059 724259369554680109 
1476682469877092623 2289926830733094587 1751728577428794169 1459291539180458651 2075044956644459563 1536751030480896511 1504069016825481289 645188644411720807 1954942402452659717 
445504969393909967 2130017755021945199 317390067795264991 1330665888349913573 2101312847833143239 1654009606998510617 2019000637548403283 2041424252542193173 582810674136835019 
122511382176438097 2198742136592737787 2297507493175951369 738884778452461549 179627127700256617 1594282561120382843 2019211809712076999 1178730997467995441 1932752607644563021 
1782778284715278839 2014907157932706571 380768097572062391 1850524571382514633 1479156908222269621 593403384982327597 303165442499483383 410691544962534959 504850305801294133 
846660387948142777 601885599245723813 909706750254285253 729430199848521799 1268139758972564617 719333444857356311 1509993854534111087 456561284842692923 418005704867428709 
291227487086997889 1331245249931767523 822215372271987391 227944237427651623 238168219245673391 501236908873795261 297050033107878719 801886748222972299 417932023386044003 
541050250383335051 502568716859978947 1537185375740903969 1589207193927348733 1639549136587736503 877057307608358729 1383960789791765333 272603859112940851 1791652429742147653 
1918746684192590383 1209306156599096579 1997388337428460111 918933431935085107 368180819840390801 1540634115645556931 668693515996473841 1277894463789466561 746994926311432901 
1321661714989059677 408295947250977341 1417737622934023373 475505306048556347 1003502411479790813 550862557984296953 842329099262069339 1069193736137172713 1920401455124787799 
2165219411242794047 2060556135554572619 2004097676752287869 740606439629312957 1812540241085217349 489215392188135731 1484317611102151349 1136233062206039687 2224493216814261557 
163641426598301837 2175190171640870017 213547607627676913 640731230950735499 342725942655567983 1629226704512142979 1187123540264815063 1766810562780797629 1248020038809680183 
1643438852808152681 2302571102681022703 1075651507972076809 1861781603423233703 1634449584389055169 1623617891876434877 1002314823971490251 1126060673648362811 160906383049151573 
1350898604713944823 835725007417848803 191512778097103559 472592918027101819 1027718936502436267 1289115598289278927 702266032544261869 1262777078111868233 1417062550699160143 
676973462978829257 180591479563595851 700349671959329719 1491506589476862691 1216372089129543253 1703945987167206593 258190044796760387 968736756159633161 1869287961776107417 
1500396949004878759 1259011171122683351 1670312004929325397 652524747036148517 942866220364749019 195344074799238529 501008363123996069 648022313551367099 2136720227843768423 
2221392333858384721 1404208307026510187 845616549904981597 1734349255329824971 1452073573344099071 136500584579166881 1171945415656296509 790030714646230543 234951858628435301 
1871442041127540523 556344664271576773 1660567233718053539 1412591431869134593 872281073896494917 772178535926229181 1817348642372079889 233120523260862623 1211392508499105311 
1198356839730982469 2105391279713844761 906903524135360329 399292347694878389 2124512184615089677 1285205789061288827 995985378930243827 556111163499915923 1817895113549745487 
555294897455681701 2148098070664838249 2250685879917575909 226642157000245127 2108471435246246737 224312360812694093 1899392193198850277 2090604598458501031 1773707362699197139 
1688767740261527063 488552554973566301 1133301518659161391 1117745623446024247 156657438301429171 1854116339937671527 1334460659288917247 2039985194002091137 1620182970267858709 
921988306252888103 2058848089269246949 1752362843777508959 2211457546067962747 230595605943345443 800344483872112031 1202219138684041537 319433012718975041 1146199037098744691 
910818256080941801 1683224770778509961 676808184876401861 771190218323198033 565975802260706809 685384047096971353 1690181314723846199 1025591097596235409 612635551598701457 
337100046668712287 935006280235310909 2097930424213988081 575521198687462847 1258991745260687069 2292308016611064757 1835928135518441311 1726091239374648721 507550921844314207 
1486284672646052633 903419395527500711 839354272263527939 1558987889700997501 1735682071045947653 806541267822818977 673188505180861651 1929817782571663717 173677170417601007 
738305855072837461 2016971541572465683 543563962667642359 561616843556259671 2142295650885192217 1161477031932011341 1683516805097044747 1326946601717146471 593156264159917109 
1561144962344044291 367520211514163803 198854612784059509 1485334707963581261 1626845570149430149 1761944201179343009 2029056737349786451 710650122079995323 1663099370817921983 
1484838517266190043 1988085552358526521 1064475597413588123 1185739929513464851 60634207028881153 2220828744151547191 210179570133545581 560094197673307763 1851277143178956827 
214157557792131983 494713962749625859 1620721026804627977 450445210606819529 2029577196085429187 1262105540757571249 1035057430297337297 2217554642589545839 436959902398206199 
702614682024489629 2209695153703564921 1444784479041050813 2259447264816776323 1936838424145734539 2176259075738079721 629956770012376981 1555197761670130141 716728079427582437 
101913785930965469 579672901959133357 2233849104620714621 505153540073888543 440520131599210367 148239850342907639 314343263861848579 358870074183484441 1011398771497827001 
1906612271055278557 1712113201167096473 1401826984552040393 451647401764800959 1152547079401810373 1351140886085292443 1935674197727104897 984151553343183697 1951538814943720777 
1311986380517391773 1968726648888189643 497343266983152593 1215003554650025887 253389957511807993 269549978943517409 623780702309758171 2290843226796204589 1943054308306278481 
2238218558159715581 1339052596231448297 2074910459594030987 466272410308823477 1758659420105366239 520270974411629041 261929307085543117 1489634855820057637 825257353863105073 
1226432736841445753 1039100598712211879 600223561307179517 2236651076965626199 334763753841062009 1664769586981302337 2142411403706529503 1353060966862836071 1464039412835875763 
1017140070524139439 1272053525242369871 1540358912360918431 2081722477709518097 500234812547121913 445513091899745383 171460103234403673 1927217173325832757 740751441886930589 
96859399409997503 1557732867509977519 685614201398198939 1077442107123226997 961006620479513821 1033955956700332397 892669948853935349 1897171645017631999 1945351038257452613 
1803108614150272991 1817215940101188413 2099735729412134669 2111942648897773007 1310544227007129119 441362800093432097 988926034511451703 2165576971929137491 1958023613938153121 
815172880659260287 561701960321117927 692093908568723641 110582479709421569 258022006930873751 1066096938484587727 271748889398230537 621591336083391469 1973891381253312043 
1535610876930246089 2190303046374494417 437085089091884747 1329120402787513913 52947226377731579 625540566657263639 165242988559067833 330822524590166281 626436740441780969 
237036256832599043 534812253583103051 2060625818979954931 2214883048706740403 1003773004665915329 743500104293772601 1463525785682520767 1502082355403809229 1355587372140539249 
983195814492896489 762851992667049253 2208209252751657391 770892771952330057 419630678345585891 1384265274873441049 571120383330040259 2227529859095773207 50214613373563129 
1750113994993352773 391561739332341101 552287828080886921 1045007326692652181 2292517715515640167 1686142573900616653 1559861769692401333 2124344775724290611 798429211839739093 
1917829824374510993 439922300212692239 298581094697661253 1464798701434394303 688243356436071547 1511188045549720423 516817741768401937 1668979626321165427 1454521651963720541 
1023818276414219801 1978843805482807447 1036177182507834407 2128258097088857359 873373582993814233 1762393244207151763 1263843213910877221 424080361132383349 293556420858995533 
874821274707937369 455550189859225247 1705599770928263891 764239653439849849 1203220027475913659 1004046876567445229 469834397808112591 1742830125406725023 586192677163887067 
597580998088374653 126719300315110423 1964510153477219911 1344220360676552831 476417861562396667 2235524045767077509 1421438440983933187 730871972616609823 115220912085815381 
629584064169058979 435885677790103237 1550468470003815077 763193046536059457 1930842617157018161 1985472896511713039 1693780916110381649 686161938373248061 968510396149130083 
2026602312562287553 219420225244508411 285012498238484161 800764486780033921 1066548453615466981 861256351273283963 8347425526115749 2223590933529093091 646848782883382357 
991776236261503597 1130132821579439851 713789819370946117 911784427495717219 174831575978946629 1084161757975900423 1090978574673754633 771491927650783127 931516736333939267 
410178088488603091 1040872000646506943 1695018688863312107 685700148275224949 1564176077021125669 1475344737131232983 1912840231824644299 1150516955733705641 571296600910610797 
1115220025944840463 1562639627787096689 182390617118451347 1362116510568074753 297854542569393629 1649055618904865419 689569228916213279 1741339303229927501 2053253293651417073 
1478625782634604033 819416211896316187 1689937915733127077 236182098568947371 2236455430275814019 2063190112810863733 1734528286841254253 1178884594494831053 931420423193237011 
401529628649156509 1782707441230527979 52550862278945269 1587362135358462131 1363938869190127487 1016801672916693977 382117895052391627 1096133564388252163 1276529548154335799 
1705318262993793377 395572672012204507 2216404547754071401 702074531309781419 2256174101832319849 681688683955018457 1624163757706174583 815155251962864261 1236561091109885729 
651875043660154709 500241413696102857 170587886755732357 714651507134095351 1043048735617556341 1335660981209938879 1843677257087278531 1371760357388565637 418868905415783857 
577596298230468059 319959044679347449 671569157519220407 1144426027078141013 1179766802295005039 92035285838280997 1340723533853350949 339240545288067343 1290442574628383569 
2091916169308929923 1489107041677698829 1005631398928099759 1720370189739275579 1299453295876734091 1390910619832190731 301436130592367453 97463625997753531 660272475579196657 
1880964866076881707 20282477533044697 919254162029909837 2087847242397057203 1058371135530115171 209965312699235959 1315095258059222411 1336763014656899633 1480459018637599291 
1520295471837889657 197896755574598467 1538939502481328069 522307902713512873 1185168885251721079 198364756869350237 268478041260263741 2034368176504445629 1793896943676432929 
1676454730184254967 1320273224930943359 1972531312375251907 706193150771714933 1733833227771308861 218208207901121869 33710744366004383 1846229180395181987 507293735076645941 
2285325889986915823 895112718890449337 605495684079135463 1774277625042770147 1525670211453405967 1096742492519780467 39490815246546761 1303381659690357539 708635909331144467 
1458219153543028831 140767276537911203 1358553102319544477 1578176561082826583 48075225325408349 1088556583005507173 313436336856657601 1754613276999462689 1796320318091884301 
725312848451060543 133039101411094889 40847277776742457 298506209468474473 971792914775014711 608450185270243493 1913471290957562261 1423894580932135567 304545671965147199 
507011865732143579 1419289305191740789 1875871545375981961 1714386868660623533 776443820406892571 2198598267516652901 1839194040853857419 2289833733234875263 1853553495364935479 
683695147536773389 1443260161603079879 1797337114961954089 1668965733407434043 1760357976634713089 1348417075208863243 2143023630971860771 1072105711495453123 1137424993715183 
41564476104162709 1479648698423685217 648909505200901603 2285056640559919657 355469480059660921 1770781600739487943 1261520304327877717 20070010656613909 440002523742923077 
25611930597264491 536438552021173673 128027680866337949 1644750299328978749 1772977494663700447 1463317869348400699 609404355732049679 1822751033389306313 3299748160687661 
1055655863948584519 1313044142247224297 1375099854701352047 628153337510585297 240758787627481729 2057146473271915871 1162126756985812993 1441433957365338169 862456001521008133 
431122723148541631 1588394405433449687 101741141201307007 1410032726220249517 467025414979817179 559044205577985037 657566940876500093 1275669873893632361 2117638830708392731 
1130612616442423613 1142748764693675831 348044053863772603 687382443575984347 601056927917378143 1518286509951834373 1120818162916091557 294687707205685861 920973361715814613 
2138027201445387251 553175204619291983 145879748368834283 1683244003900589551 577737359857954433 1655573223180313123 1086120984757021957 882579071951241479 985368688215901391 
26930138054225719 1293589362766821611 1847278552412525819 1532873194884555313 1187384500356440311 2161749539039885981 1060646297757134041 708726801902940817 930365051738545613 
255506367486933767 1054810872535260787 2228627397821418239 81319076180159047 1397857490936421707 1968865084167687793 1426511914894558243 429439015597659869 858980835275083777 
916359328434728881 1703192414465005117 979890784070309149 1449156076677250553 1262270024749050329 1250107189078283621 415777563977634751 937980305458169569 1769637105560523827 
2176068328124722037 248874072195518243 3920283368236219 2092724680660657243 1305125311381224041 29931541119812749 744832942832048153 460098365501545087 634361583357302231 
663193005990500639 709321115515060639 63209010025180739 1707258540507930343 1002077004129930451 1711675075741693477 1561478560849310401 1731789224478172757 213032694360051089 
461476541357772727 613776381600489169 726212506514423627 399421944383536421 667222634437162723 1833554444200512707 1598704098494686091 511883322001727653 224437191482736971 
2151903330215228647 364971388794229159 1229149266256747163 1016514251458186631 113885864130768217 1738820569679243143 2277127495615700179 146140960824033953 659649739194147259 
627260624618272907 1885562423741422883 470363315434876223 947304044349493183 21935599842563299 2017390082718635533 651932756682521011 909566554011390097 405914262091521191 
2107207901506214021 1802050588102659259 473877756175862849 1431646883234274359 22917693568601681 773348812380599153 2265629017653871997 1737033265762636427 1793756433002327579 
1097047718832054299 1030174858961987579 1218513779128290433 1504409034347319977 1231735555739613733 1057412326753608257 1525939407548940773 910074275675308141 414111842478647363 
1263266334613989697 1713610191371208203 1773032780349245641 114872637540105881 2056644746891645381 1792446297473813867 694638593387779373 244433849392955993 689766973594476373 
1257271702122734497 1231478268409971619 2152574932043956909 147270626656042577 541484307430161209 681694166220026513 2123473964684115247 296390742471782789 1650534271681428607 
1206299478718125709 507149218041858871 870208030559219237 451924646660195671 1867626666378859187 1699168881874190789 1405528512962622827 2041380779386376003 311973793916918993 
337685156456583931 987034445570281957 567244969108307093 1390779937414601453 921218201817393481 821621096670202649 1926233580404994071 579012265192846703 1888536639671896177 
1866560346341765827 32603390519266249 1810607137279698031 1636079674838229169 28266955644388787 249614141902862251 1309368458435045909 14471178934833871 412044863430935443 
1063783244283266131 920544147430123639 1638464253754541791 1262893076924281987 1347654929353901243 1311483770373467671 1207979464035174613 2190587183147494993 168964870732140913 
2147716818957923891 671543377833400103 517472163338172193 1066558655911211791 518614803810514601 1019325664047793229 240876003027044839 210750169974056969 1290140498351244359 
