610619 924019 324697 528973 668719 859109 608269 935761 230077 376417 529259 866471 604237 253937 694189 969869 733973 889747 191791 122611 849161 474937 996323 704183 407791 
685991 832673 499621 604727 903103 882359 903347 582371 732889 347989 158923 444179 891101 829349 862607 253633 640039 957553 681407 130547 858709 321571 899831 963379 514093 
988129 695873 402757 410747 728129 348433 731201 357169 974747 510061 769007 942187 979819 691829 901739 700087 573787 154807 473899 653537 644381 289127 219931 762017 123677 
560761 424429 290039 968731 827941 553457 311791 657779 580079 769987 714443 782849 221677 389099 619303 912979 785311 907717 163307 592357 329683 860887 665947 250853 855311 
227629 399149 729331 531281 318127 787879 192581 731869 105401 181253 570547 262957 929483 646637 644513 345511 426089 935213 674759 719597 499027 841333 666119 539269 591739 
584167 944717 388657 333929 640949 751853 297359 622177 929881 931267 470201 161263 937337 170843 259631 197539 851177 659501 832427 140177 978449 561667 566231 455899 591067 
282001 467239 108497 140417 806549 799739 412591 504149 824231 500861 342899 464437 962131 714563 948929 852239 904693 688957 157277 272927 434237 220897 389479 782311 657193 
386047 712279 238031 254249 841103 649279 118549 435401 531673 781129 501223 393403 579079 604223 325163 250031 318203 782891 935189 227989 867413 763757 380461 269177 703139 
244813 845183 544961 100559 527557 801487 337291 692071 300367 950557 566393 300089 228793 582371 711517 100937 949777 140381 571633 745727 733003 998329 745301 898927 864541 
548351 174197 586189 945577 889877 795601 346261 695809 592609 125093 170773 494987 816763 264779 174821 623431 326113 332993 576943 201673 991043 482767 397963 476989 154981 
857039 832763 484229 733591 301493 797917 167393 724099 411641 868559 519971 325691 502321 340859 283193 582821 572323 445969 793043 999613 497737 571331 158849 334231 698891 
869501 136483 331207 516713 424037 219649 431329 635653 282617 462653 634169 709097 862997 609461 936493 614477 105341 573509 167443 271787 391009 923851 658963 455953 176611 
581983 317671 575177 196337 971339 685939 776513 830329 598789 292573 375311 114799 415159 163633 102607 268927 405997 249833 855671 146117 572207 655283 483233 755539 624229 
950689 415577 609253 886337 446461 484489 176419 398681 697387 832597 885931 898927 273311 150929 719681 806737 328121 981311 220709 126493 629401 591841 530137 781853 206281 
473443 180161 543901 632939 805537 395509 434659 340939 899309 495821 338563 511487 317617 586819 966323 155453 168331 492319 891677 741473 584897 457981 717589 135829 535673 
223481 801197 385291 841237 195241 683807 544759 681271 338461 799417 978797 270659 707831 905783 916859 464119 109379 854713 780047 431513 610541 138493 733409 710987 730753 
239933 952279 432959 317587 157991 463873 473377 575893 462577 529961 597349 834511 454763 351269 506083 448879 757019 812051 422869 773147 514249 286427 108529 688013 822721 
542599 170711 762401 488119 851633 578353 711589 806657 361237 214373 110947 747457 294211 726013 468191 613993 167051 586499 509653 450377 618577 338839 621337 278561 164183 
730993 258847 157867 139619 590543 623423 272333 709769 156059 382073 310789 750803 450101 235997 223711 121321 292079 593651 623851 430393 803273 264779 255149 185533 351361 
237509 978799 936797 472477 405967 919421 763073 821741 307481 257381 216347 131783 778913 718043 645641 384193 222587 642487 367687 299623 226621 464549 330241 718271 796751 
943909 372167 348563 660071 720877 536407 465013 543689 926557 878291 629723 480787 122027 249377 510361 814643 923177 554821 348287 843299 417899 525193 672377 600403 605413 
231431 185167 925193 938083 818827 883429 880427 360497 979831 442069 793939 792821 305489 736159 363529 558541 409121 828953 382357 913573 780613 247463 306653 510617 774223 
770537 499879 179453 726589 520381 177487 288817 717533 743609 901517 519737 995237 128903 449563 270961 584897 140159 472859 575473 978643 845003 923849 180907 527099 318751 
214283 236867 134053 671837 890117 745187 484117 307817 153941 626011 936119 304429 266353 607339 704419 605789 514021 431047 644701 854431 136067 356311 597353 129887 508223 
975551 378821 269851 997889 961567 304127 317923 848707 394811 147089 433319 842159 987391 673391 323149 435641 972197 536857 713987 769577 453461 712319 516911 976301 335051 
355211 544487 491819 435151 826607 978947 773713 422657 313129 543233 471593 910277 620693 244087 349387 275711 658051 357421 123259 381077 862031 249971 235349 370679 518261 
460111 590627 616243 374047 409379 435397 466561 969167 786179 429463 635441 172717 304049 639941 854747 140533 269089 886117 567737 415661 567997 564313 748021 386537 835979 
998167 834487 462481 872731 528707 990967 726149 677111 922169 951829 322921 199637 629401 976411 348709 889951 774223 483761 948533 777683 602081 759149 971389 874087 346169 
691001 230107 375257 165041 461609 582793 945883 295037 257141 950111 903109 616523 804571 142979 815063 457151 614297 837293 876791 494129 970493 519523 942163 649403 553549 
994709 248587 106121 507901 838399 723587 969863 332309 977881 960049 461327 544277 700099 810659 383303 203141 251939 177797 465761 112087 151573 987599 836501 478171 813511 
873707 458987 668539 848803 647839 166063 431801 997109 974003 609617 353411 320449 460301 710081 672967 907913 635653 136601 305857 953977 887659 749927 173969 476603 320471 
920963 698371 844463 103913 560477 985993 824443 993203 283799 689509 767051 611131 526667 372661 206593 131221 315893 933067 250751 984083 414241 460709 350629 812191 332711 
633161 113173 403181 258967 309271 111799 307639 151681 442829 771209 123503 613177 589451 740681 148517 158759 876077 962861 302399 697897 857431 303409 566323 318811 232051 
701621 909061 403001 541249 653711 836663 229739 946873 439763 112643 487637 358531 382303 580981 906043 335173 765329 326657 280121 422749 303647 254209 124193 661721 935113 
450719 608987 347167 641791 484763 451967 626861 575249 296509 529579 489631 215843 511909 346873 954287 238759 131771 478991 812353 118619 570497 499283 829469 232753 300967 
921601 494917 301841 279187 597551 483467 931087 302507 560317 569831 279407 657523 255469 620689 592429 902039 683003 218599 981809 141811 123433 935489 887651 598229 167521 
734537 211247 138641 112459 321383 907589 838249 533921 104827 706679 931757 228127 888409 885607 580379 464941 632851 642359 135497 377171 889703 903673 464251 533837 700459 
191669 124717 944491 760607 778699 285827 634901 261523 501031 268841 497111 934979 997109 906007 219971 749909 457673 575611 529981 460891 839903 792107 198761 713411 634519 
435343 277891 583409 110629 257713 844297 707563 560977 946331 204023 316853 389369 878737 900743 202327 574109 350411 858709 800311 536423 821153 866759 177893 375209 521063 
231839 962747 620999 112031 708527 657187 169283 775363 306479 354047 397729 413681 695999 304151 755371 411583 945809 552971 297469 151903 660769 406037 889489 229253 336239 
