859527373 711914107 1477873723 1597791703 1212016613 1422608269 555094667 1331699003 1973485531 1758555703 1085512189 1994404507 683755901 1131563659 637656013 954656513 
1488941407 632576821 622920737 1339069007 1241101387 536628733 584061941 1791862607 1965600479 925625663 1925629361 699130547 1977983713 513610043 879913607 1100233177 1806974747 
735417407 1345942187 1888659203 1274053337 1181332393 1495265479 1928282753 1022729867 1949783453 1955158567 1742762017 1278968731 1978344509 1745419441 866641901 987950893 
742709599 732769987 658187347 784817921 1133623483 1788798679 639239681 1845907717 811596679 1512860887 1837917797 643581577 1339861423 724686169 773250853 656501231 1006976791 
1230877091 1619171563 1991053049 1669629947 1529791957 605466221 1114952999 1569012829 683897113 1622633333 1037858573 1813879699 1842014873 1982263169 1351092529 1435872827 
1945439729 887428189 1278789821 545496307 925939123 1531671179 1271881201 558125389 500923571 1272856771 1964646311 1019419477 526382321 1419813809 820126577 520276033 1380095117 
1599320977 709412591 1531895147 1645656781 1533921877 1835508757 1791427021 745962131 1299158249 904866143 1115796523 1266541189 1300986059 1659773987 874242587 1883741173 
1195202161 800549273 1526048851 1210229689 1156738741 1822861813 865369957 1704911771 1780753543 1946443321 1258098371 1731473963 1116032977 815123249 1097372851 743741837 
1053784357 1993273769 665009693 1703826961 1787115299 1229278829 1109703139 1141290769 824900093 1144117033 1020269141 1458155393 1288355987 875300089 1190150149 1542140381 
1941647567 1146976267 892778867 530959813 1385370757 796656841 962535397 1984373267 500058161 1963548659 816190261 1194580663 1311983291 1521494987 1080045079 753482767 1666808131 
1886031949 905029579 1437857039 1788832763 1606733591 913664929 1340368877 1924589923 536927701 645407519 1850429027 1609246183 1475038289 758201573 845809637 803110817 1218424037 
871809893 1657245769 1254551843 1250609461 1614291949 855376229 1721900197 1230413999 910658963 1839484469 1292828939 1355637263 1842958693 1185317671 1163398571 1778729569 
627298549 1725163633 1938679703 664685041 795922417 1205838281 697950689 1063406629 584235833 1068324407 784520533 1074937109 1099087139 528994027 1546730963 727912429 1701220709 
1045437427 964530137 713781853 1546435307 1761871757 1773028979 1206953141 722626057 1291992851 591911699 1765186847 1524652273 1090264471 1622645513 747509461 1835153863 
1643331649 875488093 1785110839 1673603189 958498427 509191313 1321615079 868508323 957612631 998024123 1095916859 766082267 1242975623 1770852253 657112867 1277397893 1102613539 
1593197339 1443232477 643346603 1638368071 1977055757 1543763717 1730096677 604356911 1112058107 767458877 1461272963 1730860127 1823747663 1656822721 1850369497 1440505393 
1352807483 1162070353 1854747119 1149212737 1339039963 1418968123 1475829029 1131312961 1675949581 1425853757 1737486497 994435517 1171741841 1859609573 1190613913 1860176971 
1509520459 857094247 1838324693 1507986691 1585300837 1248842929 1598627971 1229367817 1667500631 1289327671 1518091763 913637209 1091636041 1015510921 1275351361 1917944117 
1849795763 866354029 1512405967 1207452371 737563591 537898261 1337627411 1619545969 1645271011 873482329 826314449 1850829259 1290642487 1165666043 1492228337 1824299623 
819118613 1715747771 1481715341 554498341 1022676169 1097160899 1256562947 1278047011 1601337599 1351632707 982216957 1390365653 1696016557 1291560931 1296963347 609065759 
1482384073 677818489 727668419 1558004881 834484517 1357865371 1046514673 1280118767 788044591 1822096139 1239339197 603058241 771164507 833961211 660526879 1212485501 1488538847 
591774223 793499879 607675331 878732903 1389992531 1246747883 522818147 1175951369 1982554949 1132699913 845901517 833264857 895318751 676329553 1378469177 1106019553 1800299089 
1483003033 1121149301 962534959 1953257533 1442940563 1728624587 1416492109 1259763677 1740367991 1226026453 656413757 956803157 577890727 1841853421 1363269851 1086997889 
937196713 682472617 1777363363 1342892549 872365619 1882055657 872064077 1026841883 675021509 900085099 1245673391 1651293251 1890581519 1203010703 1046959709 1476414749 
1232735887 1684994681 1357569911 1259355211 1781521447 546581681 968454191 1648441451 910824253 632272649 621256997 1736721031 540924781 1328288873 1101120437 1050971353 
1586677007 1037568421 1372830931 787434107 697223167 722862031 1788002389 1837146193 616318403 1957420121 1365246023 1904529311 1563460537 572093443 1521066031 1789466561 
1387708859 1311429463 1717220359 1435694297 1415212807 934023373 1830564313 1702884739 1366784801 1181845529 1310342477 1242990967 1011487117 1124787799 598409789 1370929829 
916472257 1437915331 1506976411 1080774223 1020504907 1358577323 857945479 959455643 856307087 1533934249 939552917 1640870017 1819203857 575527487 901890959 1635950111 983974091 
512142979 1709577431 1201978787 1111002247 1306973449 1672083029 1939278937 942242069 1609080097 1938418721 1832877373 1531689011 1329203731 1972076809 636687661 1885883719 
892267039 539123017 1149242057 703432603 1298282497 1458649597 1128047113 1720030409 1878197843 503488927 756679879 1185274297 1643652233 501795587 1781592349 550776089 1421173969 
696104993 826160617 1959329719 1367463437 902182003 1512821887 1040566061 1851554869 739521511 1559315893 1717964693 1317460709 1528885297 1092370907 967738489 596690933 
1411791649 1979828827 745736791 1534613177 1597131187 1788398951 839108483 1707433843 1980028289 1045853143 544333079 1666504643 1029889337 653227331 1805229739 1690358651 
1489233649 880771321 799623109 1693743223 1805206427 1599992201 1624935113 1897114397 1369535731 781772417 1194549263 503369171 1142915567 902878973 609898907 1974954287 
1079521409 1654238759 701080267 1896484673 1501687247 1590232753 1313161301 1049955703 1074301841 1806279187 1199209211 1713585409 725553121 896386819 834532273 1271799079 
1012154911 1381524449 1032279407 1560062767 1940755987 1061288827 1591773229 1243948093 921178009 655009837 930243827 1122258593 1245146197 1752055231 755534653 1035145121 
735533921 1402129153 1266749153 1059632851 1555772863 1027208531 1865419499 1212903673 979141567 1712350151 522097531 562666987 988115971 596095699 1764915287 1611767699 
1551158179 1326749909 1272893249 973566301 1301851429 624388447 941956391 1392277891 1276265987 831768989 886012357 1380560977 1208276939 1154511881 759199109 1608286969 
902803301 1583674093 990201439 871465187 1747759063 1862298161 882865171 1147667447 736909519 1434635311 849354047 1459397729 841651207 1966437301 1622630137 1209404579 1914081293 
912498437 1916106061 1397871107 1421724827 696971663 1662224449 1560923717 520143773 1903972621 862845163 1455461759 1445073533 1998915133 819573317 805413751 1557838483 
790420229 1604586083 1096971353 677437643 1644714341 971720611 1979593823 721280081 799879687 1238389549 838039843 1396350139 686793293 980855809 1846278173 1250810039 818044361 
611895839 969684077 1058159369 768404563 1537233403 1358842061 566772989 1270695409 799366681 983450471 1330877263 1781865509 735785623 1943746121 1833702181 1625618639 1239729163 
1712971751 914407111 554467363 615552053 1384300669 1738674419 596639717 1551963097 688626053 726373027 1472664887 1804559069 1137584111 1122799207 1480344629 1891716217 
1822962919 1209968689 1501613891 1332693499 1650814211 1303755493 1467247337 513331727 876487193 1012712941 1540344349 932135297 568691909 536180923 946870381 1134684511 
1908317039 979468093 892303591 1017168161 638846687 663471953 1463323507 1599177551 1424241347 910187891 1727807429 1936059469 1673307763 1778578363 1977267493 1417279373 
1739207957 804627977 985202357 1857307157 969315829 508717081 1132766561 1694043203 1473185149 1039591747 1588991021 563410079 1606354417 1287086953 1592731897 973204523 
1209671833 519194069 1427582437 1448562317 1239134443 1418850931 1672561433 1869216457 1172613073 1774995107 629025613 1867775443 1509092639 1062073037 1524851969 1031507437 
1051462099 869988503 1118230567 1182187231 1165098503 1983134987 830000063 552040393 1595608447 1482896413 657509767 1366918237 1611545563 1724442931 1856450899 1004157233 
943720777 581399971 1064378009 1932654467 695289061 716693657 1772356171 1723905979 1658381377 520668391 594507941 1468765891 765567343 1519021103 1565651083 815709553 730410641 
1241222891 1950776071 1651477543 1051204249 637138079 1978509587 1049309873 661547767 1298904419 1604179021 575532533 1992639217 1734793519 1036493803 1768887037 1863105073 
609594127 712211879 955476239 953200141 1923568249 1973936663 1853370479 1923617977 1668733181 875062901 1869090317 1120608497 841324711 875249827 1043036713 1246656353 542820337 
765918347 1756726669 975920833 541008649 830159003 853372043 1582196393 1918793483 1555295993 1094079059 1553028817 1445517907 1566803411 1326151397 694448071 960588611 1808636897 
782462539 645781679 1451509903 1387653317 1236372563 707472253 1337005633 1001185153 1975168849 732053143 846216649 752388311 1077741871 1858500737 618866117 566419783 805920263 
969161909 1151212921 1922044753 500068321 1578062777 822338921 1374859261 826078217 1822420541 799878997 1441829713 800186341 830707819 1999362773 1785321449 1543862963 1536884441 
1182764413 1761470771 590166281 961813007 706740403 646892657 1666777613 1459664161 1849365319 1529897729 1271578073 904215523 1809961711 1203905347 650198321 1284322849 
1193308993 751657391 1323757993 920784349 1952047343 1170026843 843169013 1606373467 781876871 1952330057 1940814377 1348658483 1238966033 1088699767 1546864073 1630539149 
1042791821 1301390777 1607687287 755416327 962428589 888184733 1443700067 1712794907 1440337583 1626348901 1898318183 735467149 1653411541 988449769 655811383 1617891013 
1506354373 1106117279 1528864387 1089997561 1793852917 1578684907 530995079 596159693 1585806197 795834877 1002410659 530217937 1164758123 568271831 1977877313 1526238743 
1960568059 1154993731 674077471 1132383349 1032213877 1822191571 796413991 1176545017 1434473749 1431992633 1641315353 1621691909 1571685737 1865089819 988871311 741553339 
1746332197 1194780133 503204969 1774531193 1183036697 1310919529 1107418759 742441897 781753171 1472100043 1645982497 1478854877 1203541411 1669187101 1359897893 969891649 
502309831 1352508809 602724019 1515116951 1372220039 532919237 675936347 701274383 1081370431 1092961721 744560491 1164109403 647938979 743377121 819702629 1690001197 604617763 
1714248031 1790691299 1538162399 1380146689 971710067 817541503 529827523 551144917 948589277 1263552643 1486471087 1431022199 854651813 1723880489 892569637 1339607651 532067161 
